311    487    684    763    826    1085   1162   1362   1395   1670   
1699   2155   2297   2769   3256   3543   3900   4566   5166   5268   
5397   5614   5741   6621   7772   8087   8222   8477   8757   9145   
9270   10643  11111  11147  11649  12174  12208  12716  12749  12864  
13205  13449  13476  13788  14452  14653  14963  14966  15159  15232  
15408  15533  15565  15834  15840  16188  16436  16778  18131  18432  
18531  18838  19215  19371  19461  20077  20256  20650  20993  21240  
22039  22082  22276  22384  22686  23684  23787  24528  26176  26396  
26396  26609  26663  27954  28009  28812  29077  29123  29220  29297  
29428  30632  30797  30914  31306  31387  32035  32138  32404  32723  
