18     35     38     85     167    168    206    210    217    239    
262    263    337    352    362    402    417    502    502    516    
516    570    597    686    706    720    750    758    841    931    
981    991    1033   1033   1054   1072   1074   1077   1090   1145   
1172   1184   1275   1349   1366   1390   1391   1558   1637   1675   
1701   1732   1744   1819   1831   1893   1948   2025   2030   2039   
2044   2046   2083   2146   2187   2190   2216   2239   2246   2253   
2254   2305   2314   2317   2320   2321   2358   2409   2409   2416   
2436   2505   2518   2521   2522   2554   2610   2648   2657   2751   
2796   2803   2807   2816   2826   2861   2884   2897   2992   3057   
3061   3074   3119   3186   3192   3216   3294   3360   3384   3408   
3455   3496   3560   3564   3602   3641   3645   3744   3747   3763   
3807   3822   3907   3911   3935   3962   4036   4110   4119   4164   
4171   4206   4213   4326   4374   4383   4424   4761   4809   4936   
4947   4952   4952   4964   5006   5024   5041   5080   5085   5095   
5101   5114   5154   5221   5248   5320   5355   5397   5398   5399   
5417   5430   5431   5466   5472   5482   5514   5527   5558   5574   
5632   5647   5672   5681   5713   5752   5800   5863   5864   5869   
5879   5958   5977   5996   6060   6063   6142   6161   6170   6185   
6219   6248   6263   6266   6306   6401   6413   6424   6547   6573   
6576   6576   6625   6629   6685   6724   6737   6771   6820   6824   
6825   6836   6846   6880   6933   6949   6956   6961   6987   7022   
7054   7083   7102   7113   7169   7203   7205   7205   7232   7246   
7289   7339   7343   7358   7413   7415   7429   7433   7537   7541   
7635   7649   7665   7700   7701   7798   7802   7836   7837   7864   
7901   7945   8033   8036   8078   8081   8102   8120   8194   8202   
8223   8405   8405   8440   8503   8534   8549   8565   8583   8623   
8657   8730   8731   8779   8847   8881   8883   8905   8967   9000   
9011   9038   9111   9125   9165   9179   9185   9202   9238   9241   
9293   9303   9322   9328   9425   9453   9504   9508   9581   9616   
9623   9663   9692   9693   9702   9707   9727   9750   9786   9794   
9833   9865   9923   9947   10063  10063  10075  10128  10189  10202  
10204  10228  10255  10274  10284  10355  10360  10386  10394  10409  
10457  10471  10480  10544  10629  10633  10651  10676  10713  10727  
10801  10814  10866  10889  10902  10926  10947  10966  10967  10977  
10986  11004  11016  11084  11088  11110  11126  11142  11192  11224  
11257  11275  11279  11302  11304  11305  11353  11452  11458  11490  
11504  11529  11572  11661  11698  11735  11799  11805  11878  11908  
12005  12012  12042  12065  12073  12091  12098  12100  12172  12285  
12301  12301  12328  12374  12382  12394  12413  12417  12432  12449  
12478  12517  12573  12660  12744  12770  12792  12913  13050  13061  
13065  13065  13146  13160  13191  13201  13209  13305  13331  13355  
13446  13460  13514  13518  13541  13599  13633  13697  13710  13713  
13719  13874  13969  13998  14049  14110  14158  14167  14169  14200  
14205  14234  14259  14267  14311  14341  14354  14364  14404  14413  
14436  14457  14522  14542  14545  14587  14647  14663  14668  14791  
14819  14823  14843  14852  14895  14913  14922  14936  14961  14983  
15016  15047  15050  15090  15106  15169  15204  15215  15250  15284  
15307  15348  15446  15449  15473  15490  15504  15525  15530  15668  
15711  15730  15736  15743  15778  15812  15854  15860  15861  15866  
15870  15926  15933  15961  15967  16135  16136  16157  16187  16188  
16206  16218  16253  16257  16335  16341  16366  16395  16413  16418  
16428  16468  16474  16566  16632  16641  16706  16740  16787  16810  
16895  16942  16943  16963  17029  17034  17170  17247  17272  17295  
17324  17381  17403  17421  17425  17442  17447  17456  17501  17537  
17585  17613  17621  17680  17731  17737  17738  17797  17822  17874  
17930  18082  18102  18111  18123  18125  18251  18263  18284  18297  
18327  18333  18353  18415  18452  18524  18538  18584  18629  18689  
18754  18756  18800  18829  18832  18857  18889  18895  18924  18974  
19050  19058  19059  19078  19216  19238  19290  19343  19360  19361  
19441  19447  19467  19486  19573  19602  19610  19624  19680  19716  
19729  19743  19788  19818  19872  19938  19939  19992  20042  20114  
20119  20165  20175  20212  20220  20229  20233  20297  20319  20412  
20446  20474  20565  20689  20691  20697  20706  20708  20752  20752  
20853  20880  20886  20914  21021  21064  21072  21101  21178  21231  
21289  21331  21366  21368  21393  21400  21430  21471  21497  21499  
21511  21536  21671  21679  21746  21785  21798  21859  21875  22020  
22086  22095  22172  22203  22226  22289  22325  22392  22439  22447  
22507  22557  22571  22576  22580  22580  22684  22697  22721  22747  
22771  22779  22876  22976  22995  23052  23089  23095  23097  23128  
23133  23166  23252  23288  23311  23321  23345  23387  23410  23438  
23445  23465  23468  23502  23513  23555  23559  23598  23612  23645  
23724  23725  23729  23816  23836  23854  23936  23981  23996  24015  
24117  24139  24159  24169  24191  24196  24223  24303  24326  24331  
24428  24435  24484  24502  24568  24623  24643  24663  24679  24704  
24719  24825  24881  24911  24913  24962  24966  24976  24981  25002  
25053  25073  25109  25117  25118  25125  25145  25153  25164  25164  
25196  25253  25311  25357  25367  25380  25408  25434  25467  25470  
25475  25492  25494  25504  25582  25639  25683  25727  25748  25759  
25759  25771  25774  25776  25795  25807  25817  25833  25845  25856  
25886  25943  26025  26085  26085  26128  26135  26200  26247  26253  
26308  26406  26408  26411  26432  26434  26466  26490  26491  26508  
26542  26555  26606  26638  26651  26660  26670  26692  26713  26733  
26745  26762  26763  26826  26963  26984  26985  27021  27026  27062  
27106  27111  27129  27178  27233  27252  27292  27404  27445  27482  
27518  27544  27603  27668  27688  27689  27713  27723  27730  27741  
27788  27828  27854  27894  27904  27926  27936  27947  28079  28082  
28151  28159  28170  28198  28256  28269  28416  28487  28612  28615  
28649  28719  28740  28748  28790  28815  28816  28928  28985  28985  
28991  28994  29079  29084  29129  29220  29315  29337  29367  29466  
29474  29559  29576  29577  29609  29631  29670  29673  29696  29828  
29840  29851  29874  29915  29930  30001  30044  30081  30110  30143  
30147  30152  30222  30222  30222  30316  30341  30369  30375  30397  
30404  30434  30474  30574  30605  30617  30680  30699  30731  30749  
30751  30764  30837  30852  30906  30951  31061  31069  31075  31149  
31189  31192  31228  31311  31319  31401  31404  31404  31422  31431  
31465  31495  31503  31523  31529  31580  31597  31627  31683  31721  
31752  31802  31813  31820  31825  31833  31840  31860  31958  31988  
31994  32001  32017  32048  32072  32097  32158  32187  32212  32248  
32295  32374  32432  32508  32528  32566  32574  32600  32639  32757  
