80     84     105    130    260    291    353    464    734    900    
1039   1326   1354   1366   1400   1430   1613   1639   1736   1747   
1919   2111   2140   2149   2291   2359   2381   2416   2433   2497   
2521   2552   2577   2643   2681   3071   3183   3207   3220   3254   
3269   3298   3307   3344   3353   3489   3558   3560   3711   3743   
3755   3835   3838   3945   3988   4006   4133   4296   4457   4652   
4682   4719   4875   4876   4899   4939   5035   5064   5180   5254   
5267   5296   5323   5325   5369   5370   5504   5568   5647   5670   
5674   5681   5723   5823   5832   5869   5914   5975   5987   5998   
6041   6056   6070   6077   6107   6108   6165   6196   6298   6307   
6332   6341   6346   6472   6541   6635   6694   6714   6716   6775   
6807   6825   6837   6884   6898   6983   7198   7223   7350   7351   
7392   7395   7432   7549   7562   7630   7845   7940   7946   7961   
8186   8249   8269   8340   8421   8463   8572   8828   8863   9022   
9079   9232   9304   9357   9409   9427   9449   9505   9572   9579   
9592   9723   9740   9797   9871   9876   10000  10243  10413  10504  
10540  10618  10622  10648  10820  10933  10934  11004  11008  11052  
11452  11523  11663  11688  11716  11759  11778  11842  11881  11896  
12010  12066  12079  12151  12237  12240  12271  12313  12339  12342  
12386  12397  12399  12452  12478  12509  12515  12538  12850  12872  
12926  12998  13100  13122  13124  13223  13303  13344  13414  13589  
13656  13673  13818  13939  13979  14015  14016  14105  14108  14164  
14230  14235  14241  14283  14313  14496  14507  14514  14562  14680  
14837  14913  14957  14958  15000  15072  15080  15133  15235  15253  
15310  15320  15373  15515  15546  15552  15679  15839  15866  15958  
15969  15969  15979  16139  16213  16222  16266  16313  16403  16482  
16482  16523  16654  16695  16698  16930  16963  17007  17010  17202  
17238  17269  17349  17426  17458  17488  17492  17554  17709  17846  
17873  17991  18144  18154  18242  18324  18629  18730  18810  18957  
19177  19204  19206  19268  19310  19380  19566  19624  19637  19662  
19772  19807  19842  19936  19951  19958  20034  20108  20140  20230  
20260  20389  20418  20468  20493  20750  20808  20985  21020  21200  
21208  21227  21253  21317  21466  21537  21550  21580  21607  21825  
21844  21865  21867  21914  21933  21985  22022  22228  22334  22486  
22491  22604  22662  22798  22799  22833  22947  22961  22982  23232  
23248  23266  23341  23395  23399  23416  23523  23686  23690  23818  
23851  23967  24017  24110  24229  24275  24322  24386  24474  24509  
24570  24644  24720  24743  24746  24767  24855  24858  24876  24879  
24900  24971  25068  25101  25155  25254  25262  25274  25426  25465  
25489  25547  25643  25645  25770  25857  25859  25871  26039  26057  
26073  26073  26158  26165  26246  26314  26377  26378  26441  26442  
26489  26495  26674  26735  26828  26988  27042  27052  27115  27179  
27183  27301  27369  27386  27558  27696  27832  27867  27874  27887  
27943  27957  28151  28186  28234  28238  28385  28390  28395  28462  
28495  28551  28713  28802  28818  28875  28908  29030  29076  29186  
29413  29415  29432  29505  29542  29571  29585  29609  29610  29658  
29698  29836  29990  30060  30108  30183  30381  30431  30513  30526  
30591  30744  30906  31221  31375  31428  31439  31575  31613  31618  
31698  31723  31757  31815  31864  31896  31999  32034  32111  32130  
32164  32269  32360  32369  32402  32430  32456  32562  32707  32707  
