6084 4436 457 1401 3148 1507 3181 339 4190 869 
7767 113 1983 5784 287 1728 9461 8103 513 6927 
8866 184 2582 4969 588 4858 61 3031 4798 5245 
3774 8512 1598 2635 127 8156 306 9580 3607 4653 
4605 8503 8000 2204 144 2367 5939 652 9865 683 
3709 8622 178 4397 8766 1183 5027 8480 2207 394 
3044 9396 1550 4873 7199 1580 80 9908 5985 4969 
7916 476 1031 9239 9979 8657 3647 1471 1156 7787 
7273 4589 3165 419 2403 7321 7891 289 6278 7958 
3843 1280 8570 4347 6239 7030 286 23 6077 3747 
5393 240 2127 7931 1298 3312 2894 94 2221 7625 
6724 8322 7071 6318 1399 1257 2455 7459 5402 5209 
1007 7659 711 5595 902 2476 6132 3825 4234 6681 
9098 454 6093 5366 2813 9970 3677 7514 99 181 
2425 3820 2913 4748 1677 7865 2325 9285 4075 722 
1758 4458 150 1265 3775 4168 9157 6332 7304 9697 
2213 6824 4285 2786 9064 6666 2617 5145 9000 6891 
4638 734 8698 9397 4366 3451 1191 2246 2319 9101 
1651 4898 3495 6621 614 7958 5397 5339 3098 341 
9141 1915 7835 6746 6479 7186 6576 6160 9201 7604 
8540 281 956 24 599 3865 7977 2589 1034 9035 
1915 4523 1929 7945 459 5882 805 699 398 5601 
4847 6335 7102 5055 1743 8237 4679 2075 9847 7744 
1830 8799 5076 2016 3192 3828 5575 4144 2242 1448 
4306 530 1345 5817 6773 2462 276 3726 633 718 
4998 8957 1642 785 4429 348 554 2402 4816 7860 
4152 2721 4788 8545 120 216 703 1611 657 6263 
7913 6615 8375 5587 2237 5228 3165 8456 9417 5531 
8748 3029 5108 3097 312 7574 439 799 6859 3080 
2511 3097 2653 4272 5667 6722 9455 6791 8722 9288 
8003 9186 7344 8571 9345 1318 1443 1452 444 7809 
9361 3977 9766 3669 6335 4926 3866 7986 9468 5010 
274 659 7551 3856 6394 5746 8137 8812 4831 9142 
2169 4750 411 6520 7906 6803 2057 8626 4448 9637 
3067 9810 4905 1813 2574 6937 8447 561 6607 7948 
4686 9946 6396 6555 9414 9891 6010 7900 881 3125 
6739 1225 1189 2345 4748 3749 3045 7459 5620 3906 
4724 9672 6141 1154 2448 2916 2033 8154 8141 2575 
6252 5264 9816 2636 2315 439 4508 2934 2786 3368 
4191 3571 9937 2495 4563 2867 4054 9292 6756 3986 
5115 2873 1613 9605 1597 8709 5113 1227 29 3664 
1807 5516 5638 7912 1884 2948 1099 244 6169 1171 
4830 2191 608 4129 2386 6188 7997 1855 8196 678 
3575 9901 1593 6737 2446 7757 9253 2922 388 759 
8899 6367 2766 7619 4427 1270 5707 6344 7319 3221 
4661 2002 899 9050 4279 4373 9085 6570 2421 8535 
2161 2848 6882 9848 3140 4965 7656 606 4042 2709 
6314 1121 2473 4656 8499 1863 5694 5363 2167 8355 
7042 2113 7175 9275 4874 6032 4366 3946 5470 1691 
7399 1345 4349 909 5071 8538 6577 6343 1193 2138 
6020 6095 5943 3050 1621 5184 6181 4915 2105 2090 
5465 106 2313 7926 5069 6054 2984 2631 3343 853 
9541 2334 2189 5178 4456 9082 2614 750 1931 9622 
112 7261 7598 1276 3932 6289 414 1155 7151 9890 
4211 3522 7578 8327 2205 8215 4919 4621 3818 2984 
9761 5933 4211 5835 8505 6903 8357 7287 4527 6863 
3501 5636 2222 2862 9068 5564 7194 7241 1664 6801 
7970 4648 2151 9137 6560 7042 6235 8798 4704 9234 
3847 5867 2712 7326 4953 3317 6696 2606 8751 9028 
6373 5614 7082 7950 5670 2278 3079 1967 4243 6844 
2447 4608 1068 3499 6715 7523 1012 1409 952 6514 
9329 2309 4662 4699 9076 1535 7684 1398 9569 2057 
6221 6274 9789 3046 4444 6679 2117 828 7400 9843 
1374 4402 8580 5326 4101 4440 1044 204 80 6651 
6113 9230 626 6537 2973 3070 4566 662 2586 7722 
6858 4243 9238 4577 6958 800 8860 7436 1864 279 
2154 1483 5432 9285 9082 6256 1648 7448 639 3349 
1750 8060 5738 5830 2889 5526 7845 1975 5446 6876 
1345 6482 5228 2895 3092 7953 3375 6112 2337 2385 
4901 8849 877 8295 9333 6459 7 5722 9691 4476 
1647 4999 3495 9289 5353 8994 1808 4869 698 8759 
2994 5178 1618 4605 5505 2663 6493 6765 2317 757 
1151 1950 5383 6736 1167 7381 6541 6489 8913 4779 
6667 1168 7041 3369 9924 1294 925 6892 2767 3841 
6366 3698 2860 6166 7034 1098 973 180 7737 8785 
3134 3170 2022 2049 7157 7824 8506 2194 8301 7245 
3795 6567 5178 9615 7677 8551 5129 8926 983 1483 
8076 9228 3742 7245 2943 3272 1018 2171 6318 1292 
7475 4718 8488 6319 1462 3449 3763 740 6258 9125 
7462 7721 9685 9715 283 6653 5061 3569 4812 1569 
4497 2988 6976 5970 5134 6195 7219 2762 205 6115 
1443 5530 9775 1617 8822 8774 6430 1351 142 564 
2909 3672 1890 1450 346 8352 8443 2804 4759 7799 
2452 1445 1941 943 5635 3754 2441 282 2974 966 
2730 6714 2125 7172 2760 9473 653 1933 912 5804 
925 6060 3769 1507 10000 3094 5521 8686 3041 569 
5752 6315 2076 1900 2524 7615 7151 8717 5444 8353 
8041 8111 2700 8778 2127 6944 737 149 3812 2798 
2108 9587 440 7971 328 8474 1805 7382 9214 2420 
2688 8903 6610 3304 3786 3584 2488 6293 1546 6209 
3515 4950 796 8957 1253 3671 3844 2023 9307 2919 
3144 1197 7008 9266 7174 6256 8135 6760 9578 1872 
1402 6755 9098 3205 3787 358 995 2744 5752 4058 
1307 797 6676 968 2931 1099 9973 5484 4898 6038 
245 4460 2334 7032 283 9669 9310 89 3386 1492 
1659 9726 6332 970 7501 859 8857 6478 9368 8462 
6033 1778 4783 734 7302 235 2208 7731 235 2100 
4304 7360 4925 3328 5614 5797 3635 2175 6428 5097 
7403 9674 2470 6933 1453 4312 6232 8463 219 5302 
1701 9883 3017 3050 1079 9017 2888 1222 4173 407 
