1098 7953 775 811 9832 1014 7762 8587 7502 894 
6097 3351 1091 8476 1446 9555 8488 5344 1614 3533 
2451 643 7519 7283 7897 790 7934 5092 519 1510 
7682 7987 6943 205 7186 4901 3809 8121 9629 9328 
1061 2018 1755 8908 6008 9714 4100 4775 653 891 
8604 1099 6956 2661 3474 1006 5067 644 12 2091 
3460 1618 2137 2159 4298 2577 8868 2881 9115 2657 
7087 2014 2226 1705 9298 2272 3300 4316 9253 4321 
4380 6034 4614 7108 3020 7214 5711 8698 5958 339 
1676 658 6270 6705 5781 5743 5022 7045 5318 1690 
2065 38 7608 6239 7646 9902 1547 5928 4764 1672 
6272 8278 361 2410 1223 5017 5050 9274 1974 1896 
7970 7569 4212 9590 6922 9337 9108 3329 1411 6608 
195 247 9627 3087 3684 7191 8238 3105 8258 6047 
9021 7525 2308 9567 796 1619 2468 9206 9809 6747 
2265 6678 7 6580 8601 5194 8509 3956 1449 3402 
4503 8056 9619 1154 1121 9266 3881 7363 3656 6076 
8873 778 8104 5017 8879 6704 1087 2874 3782 503 
6410 6653 951 7480 2474 2643 9988 4699 947 5176 
2689 1746 2363 909 3866 1761 988 5151 4546 375 
6762 9067 4236 1957 875 7466 4227 5510 3671 9825 
292 11 7385 6184 7419 1575 6219 6523 7680 2841 
7571 9488 3250 2511 9034 9534 2914 5865 1553 5781 
867 9915 214 8883 7651 6166 6843 65 961 166 
4191 8202 4056 4226 2088 4405 1597 9068 4650 8303 
3443 2516 1300 786 2400 7149 4524 5495 900 951 
1966 5310 3048 2501 7113 589 6581 3669 5106 5415 
9476 7691 2557 1995 1291 4384 524 554 9494 2893 
4384 3559 3207 1361 177 376 1656 5474 3114 9680 
8889 9248 7555 9768 7368 4725 4825 5807 8185 6713 
5413 757 706 7930 4652 691 675 8177 6757 1277 
4895 1586 8009 8895 5360 3465 127 6966 1376 131 
584 1230 404 6670 474 882 3417 1534 2220 8884 
1019 1228 7101 737 8904 3564 623 327 7815 5272 
3794 2330 3195 3749 5146 4698 6922 2131 9431 8377 
2465 3838 3158 7553 7605 1111 5232 6733 8567 3479 
4140 7956 1630 5127 4629 7411 4390 2872 6594 7967 
9713 1789 8705 6875 9273 3581 8622 9620 137 2643 
8721 5366 6372 4905 9620 2600 635 6917 6986 1096 
9028 1174 4163 7715 2430 8300 337 4708 2506 4201 
7422 8930 5831 7533 9206 1009 2377 8115 8296 3332 
8649 8441 9283 3331 621 7241 9195 8591 5510 4880 
3248 1331 6029 2538 133 5580 1056 8794 6159 6731 
4668 1492 4997 2327 9796 9819 2604 2711 1244 9981 
7235 9297 3026 472 9226 9548 3285 4825 2614 5999 
6230 542 9415 3266 6873 2148 8635 5526 6543 2165 
7439 9457 8368 1523 1652 5529 4926 6881 6857 1829 
8980 1874 6 9235 9064 6139 72 8698 216 7232 
2107 1853 2667 3128 7709 1836 2173 3588 9457 7021 
382 421 3582 6270 6112 6668 1221 6927 1468 6170 
6744 5625 3705 9328 9919 3125 1189 2052 2935 8399 
6108 6869 5877 8675 2678 1077 3764 6622 326 9864 
2185 8850 5467 2020 7411 727 3719 9369 7336 8704 
3834 9882 461 4290 9620 6234 4541 267 3523 8514 
1283 9851 6196 6212 9160 2777 2757 2046 2807 136 
8566 224 9615 2528 7147 1867 1332 5497 5849 7663 
8541 1299 8891 1129 8560 7131 8701 6552 7420 5453 
9879 7804 9232 2716 737 8864 7632 1494 1854 7374 
5183 1243 9146 577 3274 3363 4934 2381 2877 651 
2175 9660 408 6180 2140 7775 8414 860 6238 7077 
836 1734 8234 4180 3252 3011 4356 5730 4001 3185 
5847 5911 6356 4504 7626 6897 1727 444 8035 1368 
7459 9202 8449 4591 19 8598 9838 8599 812 9598 
3597 197 1338 8717 3493 2825 2171 6917 6694 549 
6950 4470 4777 7429 9674 3594 8411 2460 3980 8363 
7055 6913 2845 503 966 6232 3187 9302 8578 9893 
1663 9337 2688 1139 8684 1498 255 3662 9934 8023 
5171 8188 6661 5753 8380 914 5312 2358 918 4437 
3301 8256 585 780 9159 6851 6570 6716 1697 5593 
8471 6101 6466 6245 438 7958 4128 4497 48 3068 
8371 1797 1581 5284 2054 8468 3319 96 9622 3755 
643 1770 4467 9527 323 1191 4408 2412 8177 1010 
8840 3031 2732 9181 5838 1129 909 1540 5962 2097 
8562 1103 4430 1110 7204 9606 786 2301 421 2393 
3016 6443 3627 7296 8223 9833 8718 5578 4483 8765 
9252 4150 9405 965 2566 7539 8282 2205 4886 8376 
2917 7997 1178 5338 1887 6244 4920 4514 2018 7971 
206 8905 3793 8191 9220 1149 9580 3386 6852 588 
2101 2125 1037 2299 6920 1475 573 501 4654 9564 
4757 2252 5228 1393 210 1497 695 4880 5398 7913 
3644 2741 5653 8244 897 4176 4553 9069 3994 2660 
2737 7616 7864 8882 9152 8923 885 5958 9049 433 
931 700 690 851 158 8034 7664 5584 7633 6584 
2610 1596 2298 2139 5607 2706 7338 6981 8366 6855 
9483 5621 9606 3444 254 4534 5928 318 596 6833 
4451 2329 973 6049 1698 9158 2654 1925 6942 1753 
1831 5557 1079 1896 8881 4422 4138 3803 2297 3830 
8881 1440 4504 2316 9327 2367 115 4756 5310 1147 
3028 2016 2931 8690 8232 2390 6277 2223 7453 5336 
1139 6142 8605 1703 1403 3506 7498 2693 9480 9499 
6258 6589 8692 7057 9019 8291 6225 7894 3404 5387 
1784 3374 2186 3212 333 8467 1276 3911 7293 6229 
2502 4321 3048 4102 4558 5746 9196 1190 3761 7256 
2323 9734 8644 7295 5410 772 4491 4581 6025 4453 
8436 8620 3149 87 8049 3147 1136 9828 9327 4968 
5395 1890 16 5959 9621 198 2478 9637 1672 837 
7545 3262 9230 900 5703 9862 2720 5250 1119 1544 
9675 3984 8644 6813 7750 6153 2095 5573 7807 154 
8426 4561 4541 3818 945 5588 7503 8214 9212 1673 
8306 109 1933 3063 7509 8607 6042 2843 2089 5986 
606 5031 6754 9347 8111 2498 4475 3091 7307 2501 
1443 515 5269 6330 6472 3925 4979 5102 7506 2850 
5017 327 169 563 7042 1094 344 4910 8912 7732 
8296 6839 7862 4679 2067 5381 7744 85 5527 9728 
5403 5261 5605 6723 8903 1322 9001 4193 540 1884 
131 6321 2511 3180 6121 1056 3428 7285 8905 1083 
5921 5129 2191 3441 7590 1151 1815 8905 6336 8625 
9180 4952 1310 2380 8011 8275 3495 2462 3255 7728 
4793 7113 46 4521 3897 6280 5561 3279 1445 2586 
7463 3144 3797 5810 5175 8082 2176 6137 1895 4895 
564 7336 8728 6021 2516 7237 6078 3884 5569 2843 
8143 4942 9166 219 4376 2565 2029 9257 3967 49 
1891 8976 1045 2502 1622 2424 6427 7588 6564 6814 
5131 8600 3928 4553 6304 3019 1421 5936 8617 4244 
9530 2966 1408 4608 1058 7192 4407 7544 4881 4675 
1833 5959 9830 2219 6076 3603 6362 7795 3968 7149 
6141 2449 1272 3426 3345 1544 1820 8869 2987 5609 
2429 6499 2140 5211 5818 5566 6612 3983 5591 7472 
14 9743 4024 2256 1825 3577 5908 6287 7339 6619 
834 9258 561 9505 4237 287 5320 4221 1268 9321 
5382 9940 7420 1475 8045 9359 209 2256 8994 1393 
5838 5105 2879 6309 4889 1961 416 861 820 7903 
8992 3767 1667 7534 5452 6530 3163 1021 1476 3134 
1182 2960 5513 5340 4245 4749 1479 2602 3969 9185 
1817 186 7220 2418 1275 864 7620 6459 9643 145 
8025 9483 3646 8751 3361 2901 7940 7565 8586 2207 
1324 713 5880 1205 1788 7543 4962 8342 7329 1242 
9792 6455 2962 446 1502 2304 3655 2834 8716 2731 
2279 8526 7188 4042 452 2956 1648 1878 6657 439 
5207 1346 1198 2323 8517 6600 6883 7773 3024 3494 
2832 46 3683 7004 9045 4985 1851 5166 8060 7993 
2461 590 2606 4121 6609 1044 4738 7944 2809 9349 
8969 1244 2949 3449 3611 7969 30 699 1148 1044 
2638 7894 4818 7366 2197 2130 8183 404 3888 2327 
4885 2284 6450 4391 3639 8841 7049 3638 5894 2677 
3667 4734 8216 9858 3135 7212 5136 9534 7435 4478 
265 633 8352 8447 3530 4486 5195 7672 4466 2624 
163 7092 7940 1822 4348 7905 7131 7324 6194 5249 
3956 8000 1595 5817 2003 1650 4014 5016 5759 6306 
5525 685 4824 835 8226 1271 8803 7334 323 592 
3488 1998 156 4743 5095 1837 7608 1151 3571 3527 
1425 7456 1318 2158 5569 3212 9442 8550 6294 6753 
2293 4982 5170 430 7978 9737 6196 8938 5585 6478 
6829 5160 5108 6494 7511 1485 4871 7726 3754 3568 
4951 2430 8757 1053 2728 8044 4052 370 79 3505 
2081 5999 9436 9663 5022 4893 557 6448 8650 5995 
3952 9896 3449 4004 2392 1279 5561 5503 3669 6764 
5327 6370 7530 1744 9425 1581 6347 8717 4347 6337 
6031 7724 412 2781 9767 6327 2571 3614 425 8339 
6143 3443 6330 200 3289 9823 7144 6370 7337 4195 
4718 9162 6475 9131 5244 8497 8830 8265 7160 9114 
9833 2989 4319 676 8309 1871 5457 1123 7561 8969 
6945 1036 1686 8733 5793 4654 1706 3676 8200 8980 
7264 4177 1897 4243 9125 4258 4591 7976 9302 9544 
5274 1579 6140 2276 7295 1147 3132 8963 9326 9316 
4103 631 2688 2252 6927 1293 5008 3448 5664 1161 
7601 2878 9465 8512 1437 1501 2986 6993 5276 3728 
2861 308 8680 3098 503 1741 2224 653 2998 4490 
1019 1862 8564 9408 4494 6900 1495 7006 4525 3124 
7140 1770 1657 8387 517 9480 4691 2308 6608 5408 
5740 3088 5695 7430 7722 827 7940 1761 8931 4498 
7419 5342 830 8840 6146 3405 7938 9206 897 965 
4484 3160 4188 2294 2651 8558 2868 5812 8130 969 
9085 3174 5929 7180 915 6993 7865 1034 1246 1075 
4919 1774 2835 4857 4173 7728 7071 9093 4567 4426 
3090 1954 2909 7675 2645 2361 4366 231 6954 8218 
579 5375 57 9560 7287 9858 4094 8770 2457 159 
7592 2962 251 9837 5383 5587 6050 647 400 3006 
2960 3307 8494 9026 8473 9898 4421 7194 9322 4036 
7373 1091 8751 4644 2479 8371 9998 1528 9437 4509 
1672 2047 3629 4589 2671 7059 5359 9299 9351 9893 
5740 4518 4906 385 6159 6627 1144 1525 4737 7612 
1541 6096 120 6340 1707 1477 9847 4541 7452 3622 
6372 2414 1863 2421 4854 4900 6951 76 5519 6977 
2080 6868 3245 1359 3691 6752 7596 3950 9838 7836 
6597 1741 3785 6322 6419 4023 3636 4278 1732 3073 
5600 8595 8491 9900 678 7175 69 6730 6603 2079 
7254 6054 7367 8678 3612 1330 6872 3461 8479 2164 
4757 7044 6312 3303 4785 8416 8886 6181 3839 7795 
5492 7329 8073 7160 3548 6363 4709 4077 3099 7453 
1108 1749 7175 5943 691 8775 6382 5063 2446 3650 
1408 598 5057 2004 9039 7146 304 1571 2598 6836 
9506 6949 4554 7977 2767 3818 1758 2119 1841 1070 
9370 8332 4218 7090 6058 9742 2655 783 8874 6025 
5443 422 8680 3323 1183 2980 9415 9892 2079 8774 
1266 928 7413 6831 129 1279 1844 1334 4732 2232 
3378 5207 9322 2407 5654 3299 8843 2530 1743 5734 
6190 3278 9631 8963 2280 9154 6996 4875 6452 9290 
581 4029 9353 3674 9461 4410 9506 9101 7910 6257 
9304 8213 208 9242 9476 3843 9405 428 5692 3072 
6030 6532 5036 8720 4746 4422 68 2299 5946 4468 
6941 3157 2257 2370 4424 5680 5429 8532 513 3368 
602 3396 941 8023 6638 2274 4131 9640 2666 4021 
2636 7642 4241 6256 7135 7076 7561 1268 3418 1711 
2133 8712 5455 4909 6113 9853 9272 2297 220 3740 
4296 1611 5530 1349 7573 1603 8267 6343 6426 6862 
9666 5115 6460 666 1924 2624 7520 8674 2523 4995 
6806 8322 6483 1962 2640 792 6068 789 3612 858 
5562 928 9779 1424 9806 4210 1286 5349 6874 5361 
7283 8173 5074 4065 7050 1321 8043 5234 65 3907 
9407 3824 9935 6748 567 3220 5222 7124 3073 6050 
8564 6849 9359 1162 4724 1529 9276 8153 3866 4866 
1062 647 8168 1835 6123 9487 2281 7996 1151 6617 
8132 1533 135 2530 6668 822 8318 3360 7705 8579 
9581 9231 463 6031 3576 5674 7443 5186 1291 6554 
4022 4977 86 929 9389 3413 4957 5490 1428 0 
2157 8416 2213 4845 4721 2443 7800 6358 1544 6195 
2372 9904 1251 3248 7052 5087 3593 2048 1262 6784 
1939 2106 7394 4191 8319 6809 3503 9598 6282 8268 
3459 4153 5381 2445 9529 8265 5326 2091 1049 87 
1651 4648 3117 1442 777 9277 5760 2680 4380 3566 
1112 5248 516 5764 3784 2994 4192 9061 4675 1618 
8010 3976 1503 959 9206 7929 4428 1812 9438 2087 
6598 724 5161 1813 1611 9135 6823 3986 946 1156 
6026 2622 2473 631 1641 2268 2690 3855 5083 334 
7614 4597 6792 5327 3914 140 5427 5961 750 7280 
9457 1301 3258 1727 9244 5427 7306 3458 4024 3363 
3898 4845 6504 9019 5836 5821 2084 4619 6065 2927 
5193 6218 2046 8194 780 6054 4915 630 8196 5049 
3940 3115 343 9630 2300 7473 662 633 1260 6021 
4048 1656 69 52 3377 9963 536 3768 8411 6842 
1731 5580 3842 8644 6538 7667 2394 916 1185 7814 
1251 8336 7221 5073 269 2461 4688 1555 8532 7214 
6785 4025 4537 5839 131 4006 2092 66 9219 260 
3158 3984 2736 3630 5472 2482 2966 6634 4495 166 
1863 6293 6221 9141 4363 1737 6139 4503 19 9550 
5382 6832 8792 9212 1866 7737 629 5916 5982 5822 
2308 2211 5895 4884 9053 3643 9643 7245 987 8784 
4210 611 4722 9883 5376 9891 5214 1761 9126 8722 
3116 712 568 6847 4449 4451 1151 1903 6094 4204 
2439 1124 778 5544 3870 1107 4818 3101 1033 7083 
3572 5108 2936 81 9990 1612 7817 8715 163 453 
3610 3579 196 9050 1330 967 5292 2679 4537 1150 
2452 6509 7797 7278 7205 5600 1360 9070 1099 4235 
9443 791 7000 3252 5274 4665 9298 965 7762 7326 
152 9370 1003 6855 2702 9485 7261 5839 2344 9666 
4614 374 5329 6919 2453 225 6416 2263 4147 9621 
1419 2958 9791 7335 8094 2639 4564 4240 2259 6637 
77 5901 2191 6719 8692 1821 709 1685 5839 7218 
5468 6777 8236 1671 4509 5973 1923 3319 9317 1011 
1218 8457 700 9929 6584 7556 9757 8286 1177 4181 
1597 6538 6459 963 1076 5251 2794 2777 3988 9009 
6899 3795 601 8213 3760 6454 6708 8955 5135 4550 
7356 7394 5828 6771 794 3963 4981 9702 9906 6339 
1456 9176 783 7795 2010 1974 7677 1604 935 573 
2000 6788 8155 3375 3170 1005 2752 4395 1095 2068 
5079 6554 823 5318 9970 1248 8774 1385 2494 9428 
8061 7481 7719 9412 1925 1220 5900 4741 3408 1429 
6711 6025 1134 6808 6917 9465 5735 5021 3808 1722 
1009 6263 8159 9368 2262 8764 7135 659 7581 2205 
1755 7030 8763 759 3780 3331 4056 9605 3473 3534 
233 7032 746 2030 9182 68 8376 9148 3106 5720 
1496 4627 3949 6173 7603 439 3053 69 4026 9267 
5381 1177 514 7445 9860 2523 490 5932 1435 4955 
9665 1741 6189 8022 9644 6984 9153 9550 2841 2450 
6171 8634 9122 1382 9871 1178 7288 1857 7889 8879 
4376 6829 7269 1212 8879 3017 2512 3013 6377 471 
4190 8494 9002 4622 4329 9604 5972 3067 5459 9152 
5745 6800 6363 7656 1492 2993 2894 8813 6213 7585 
3713 431 654 2421 9736 2730 2073 3496 1190 9774 
9762 3995 432 7894 6657 3139 2075 4288 3806 7956 
4967 4755 2107 4267 8425 6745 4918 7017 1304 4121 
198 7288 4606 2801 8538 615 1732 9837 5973 509 
910 7652 2177 1806 6913 4511 2925 7366 3575 8478 
4251 5880 5946 1456 362 8801 410 2696 8916 9269 
1373 1364 1246 6979 1367 2423 736 2535 9136 8618 
3277 5854 10000 8152 9420 7470 5602 9980 455 2017 
108 346 6090 9329 6356 3564 3005 1754 5392 5134 
33 3824 2476 2956 2653 2840 1933 271 8695 2033 
1990 6078 7335 3205 4567 4551 3259 1101 7103 1320 
7016 4747 2440 4725 7901 4577 3849 4605 8708 7417 
808 2048 3556 4078 9212 8824 6658 8462 3725 1211 
7067 2282 28 9499 8319 6408 2325 1254 6968 1078 
4480 5833 5493 2316 2944 8221 1472 3400 242 9027 
204 9191 6352 1494 7979 3389 3107 8106 2327 6547 
3005 4647 301 4712 7151 4317 9818 3950 3240 2735 
2554 4035 7725 8970 3896 4424 4537 5800 91 1356 
1516 1547 879 2353 555 4361 6059 4433 5382 862 
8315 5495 6582 8346 528 9014 9713 7948 5009 8961 
6115 9062 3528 3161 989 928 2585 7118 5154 5263 
8550 560 8875 2281 1996 649 4202 4369 2059 911 
5890 9137 2219 2822 4575 139 2434 5900 8234 7024 
4955 9209 302 7608 2138 2669 888 1121 9808 2144 
4333 7 373 3090 4918 1612 8886 4169 5210 839 
8978 9254 6943 9713 170 6214 7649 3462 1151 9875 
7398 7391 306 9872 170 4110 9371 6736 8197 9885 
6164 7597 6630 3498 594 343 1941 849 3052 410 
8220 5923 3022 2444 546 4767 7241 2467 2543 4576 
3313 6464 1582 1344 2366 6296 7219 2664 4945 7151 
7855 5060 7374 34 2675 4801 7448 1975 6403 6043 
61 1512 2242 4604 2958 19 2868 9516 2562 1314 
8252 8110 7055 9453 7622 398 4788 2942 2438 9144 
2850 141 4494 8177 4279 6837 6412 3044 6204 8667 
7220 1399 1659 5313 1303 7466 2467 1482 7006 4565 
8684 4365 899 461 2013 3650 982 2514 6348 4440 
128 3310 3049 9543 5205 7214 2837 6608 2326 5722 
5337 2120 1942 1402 3651 470 5506 5156 7791 2888 
2983 796 4975 3401 3335 4690 3797 421 2357 7634 
5411 62 6192 2229 7003 3630 5712 4896 1363 1540 
2688 3160 355 2300 6106 1453 5256 4106 2731 3923 
8378 1315 518 4482 8694 2080 2778 5625 6754 1091 
8306 2149 3756 3723 6022 8567 2147 2758 4198 4866 
8821 3993 5840 2988 2738 5723 1119 6170 2517 2455 
6941 2847 9650 7633 3493 2169 2215 1465 1461 1988 
9498 1838 3376 1668 9987 9506 9379 582 184 2777 
3008 8279 997 6498 8969 3963 2704 4398 9141 2149 
9366 1922 2636 6607 6823 2672 5483 4088 5799 27 
462 9805 6611 8801 9044 1013 3356 607 8276 1076 
1553 6092 4181 4444 4330 699 8743 4907 6441 6890 
2668 9675 7612 8026 399 7181 5559 2115 4225 6922 
6532 8113 340 5169 4184 1907 2653 8693 5473 3160 
800 2269 2665 600 3920 182 7612 1177 675 4714 
2699 4494 7719 1009 1424 1983 5826 4914 8551 4371 
7151 6569 4911 3475 1558 8066 7041 4877 5067 7959 
3064 5174 1116 2626 4197 7989 884 5997 1990 1622 
6353 3401 2378 584 8941 394 4561 1359 587 5745 
1694 1639 8621 3669 8262 4039 1298 3018 1506 9687 
252 5750 2447 2063 8404 1739 5566 5439 7898 8845 
9259 5898 9614 1057 4467 8506 5148 7465 6957 6655 
9668 2919 2394 1613 2686 7023 1792 9605 5585 2913 
2645 9336 4633 985 6118 1121 683 327 4922 2214 
1948 423 8041 2507 5901 5071 102 8151 374 4893 
2610 249 8593 8041 2317 4068 2034 170 8595 4614 
6515 702 1493 7850 4326 6267 7867 5340 991 5354 
9156 7545 9716 3356 370 4597 8441 3961 5749 438 
2822 6274 3400 4689 6205 2785 9103 5980 4575 8637 
4118 6447 8441 2173 3353 3041 2378 1709 4900 4060 
8441 3203 3892 4447 7573 7772 5107 5483 3768 9077 
5549 7313 4851 4414 9093 4402 1886 4423 6364 9175 
5145 3334 3398 8829 7318 4239 2263 983 3233 5580 
9543 6793 8217 7564 1791 2493 6058 1955 1760 7595 
6198 1835 673 8976 8518 1339 9043 1217 5570 3058 
4745 2673 2745 980 7652 5655 4117 5588 3767 6007 
3793 8130 944 7690 3291 9425 5952 6749 5400 1704 
9430 9062 1653 9253 5503 9417 2807 8287 3254 8847 
8791 4392 862 7586 3305 919 9391 994 8651 8797 
6612 8998 5125 1585 4433 8311 7176 3670 6507 3302 
7228 6499 7863 1594 8307 8412 1451 886 6397 2947 
8556 6697 2572 1429 68 511 2448 3 4540 790 
8512 984 9344 6335 751 4628 6635 2090 6698 5249 
4031 2032 8393 5035 3633 5371 3172 7523 5901 9423 
2125 2224 5191 524 6777 8302 9220 1840 9960 1538 
4144 5630 1840 393 8186 3715 5595 2386 350 5401 
7521 6417 1660 1075 4381 2459 9492 6915 1043 9335 
4975 9324 6999 2237 229 9024 1813 6444 3909 222 
5319 5278 8839 3505 5615 8103 9157 6801 4272 6440 
738 6490 4800 552 207 9594 8665 8663 9487 2922 
2790 7723 6295 5910 3243 8320 4150 9996 6931 5653 
1229 2566 4933 2954 7144 9814 1831 9727 1485 574 
5561 3112 9782 5483 819 1106 7520 535 586 1692 
1079 4729 2593 1101 6221 1057 4485 9494 1498 1418 
866 3029 4247 5097 2137 5517 9932 1831 1325 4771 
1428 5508 3463 5180 111 5441 4590 7124 7413 2346 
4710 2635 1321 3844 6886 1776 2617 2135 1277 9523 
229 8671 3960 4036 297 9536 4431 4836 5960 9769 
2715 48 5688 8633 7850 1867 5008 4065 9491 7719 
5207 2787 9764 2437 677 886 6469 6593 6553 4771 
3867 5857 7889 9014 7099 6967 2684 5864 4537 7526 
6344 2949 2398 7966 5232 2469 6580 1614 1813 935 
6679 7603 4959 2351 8639 615 3672 6648 7161 755 
1657 1147 9430 692 9908 7110 1716 2950 6217 612 
1045 9417 78 866 1143 6528 2529 6094 6145 9313 
5753 5801 7863 4319 2227 5319 6686 6549 8247 9326 
856 2305 6476 4469 2069 4378 4071 5030 2555 8713 
4438 1341 534 21 5753 2127 4734 1043 8789 1313 
8261 4595 2701 289 8058 1011 1306 2523 6182 2652 
6399 6228 9995 2112 9349 6202 2817 4775 3284 2252 
2140 5516 2394 1100 8218 837 9837 3802 6736 7948 
1187 9252 509 8019 2593 8963 8357 8125 2465 1999 
803 9501 9073 7601 4796 1118 1822 6069 6870 3429 
1100 7366 7367 1282 1106 9495 4529 9808 1155 6546 
2319 979 8408 6526 1229 2119 1542 2731 2101 7229 
3003 9393 9451 2409 8506 5565 7088 1388 5243 3113 
4643 3867 2368 1894 1850 8470 5859 1624 8538 6859 
9187 3948 8908 9475 3397 3543 7391 8649 2486 5440 
9772 9965 6192 315 2420 383 7588 2414 946 2294 
5866 9107 2426 6063 881 9241 812 5133 673 6378 
1771 5601 228 4239 8292 8368 5076 1736 5655 5806 
3484 5577 8568 8040 1275 1402 6939 7170 7089 2318 
2054 8803 2510 2373 7259 6444 4494 211 21 2163 
5546 6431 5449 1623 1232 292 1751 9894 1101 793 
6851 3774 478 6271 7294 4290 1763 8608 2691 200 
7373 4086 1111 8714 9967 6733 9283 652 4470 3022 
8555 6046 1973 2720 2189 4204 1500 9622 2168 7417 
7867 1428 1498 6418 4531 8056 2536 6087 9906 7850 
7994 6126 6684 9468 2125 2660 6233 2559 6631 9074 
8905 527 3271 3335 5719 1675 1540 127 2692 7148 
7445 1605 3269 3674 9809 9586 9058 3344 9722 1931 
6685 4364 9155 808 2858 9320 5184 4108 6339 5720 
8834 3013 6538 7461 9871 8948 2988 4575 5506 7100 
7115 7962 4321 1486 9472 4762 6160 2808 9832 7483 
9294 7628 4589 1647 1110 3797 4383 1908 8151 4885 
4050 1400 2347 2995 5700 1490 6305 5103 2550 7133 
254 9278 3903 9033 7317 3394 1844 4009 1857 361 
3271 7697 5005 104 7607 1453 1260 4915 2096 5669 
4969 6887 1871 1984 8855 1520 5372 2160 2129 5148 
8084 9909 1647 8327 5602 9206 7031 4786 4495 3457 
5132 2974 5388 3086 6685 8068 168 2091 1164 9377 
9195 915 7361 2077 1043 7473 5905 4776 4124 9188 
7447 6968 3066 3428 4181 6834 1584 260 9077 426 
8562 4471 3912 7823 76 8454 1943 6877 9268 7363 
6548 7141 9520 2601 3124 8018 1544 5062 6272 3694 
5646 8635 139 6811 6946 301 3102 6601 1871 8620 
7906 674 8392 3908 286 1299 6351 4948 1702 6431 
9576 4860 8356 4618 3740 3088 604 631 7619 1268 
4126 2892 1510 2266 6931 6520 3440 337 9528 1409 
6074 2584 1284 1487 2598 9649 8804 9012 2814 3888 
193 2225 2792 432 8936 2960 5941 4908 1455 5911 
6718 5339 6097 6203 5648 3722 6796 5244 6707 8192 
7033 1492 1687 621 9228 8891 237 598 2643 3017 
8721 6766 7722 2591 2122 6485 326 1478 7029 2468 
5114 9914 3327 8603 5742 9439 9870 4050 315 494 
699 1251 6120 6295 1325 5846 6122 1741 5691 9452 
212 7354 2913 1418 6848 1454 1211 915 8730 4228 
5795 2054 2619 4298 7901 5117 8019 9333 2814 8939 
8615 5377 2581 7926 1456 8952 2723 6009 1368 4497 
8253 7160 1311 2509 4884 1385 1734 5574 3504 2645 
40 4477 8917 5653 4501 9082 6868 2730 340 7363 
6534 1481 7836 7540 1016 414 164 102 3205 6270 
444 4446 7016 8465 8203 2658 3715 9317 4327 4542 
2884 7151 7083 9183 9896 4362 2892 8824 3687 4784 
4286 1457 2669 3885 8492 2989 6170 1940 8005 1312 
744 6431 3844 7237 1512 839 4545 2246 6373 5270 
7115 783 3034 5401 2374 7278 5647 6685 469 9207 
5028 6701 3889 8761 748 6824 580 6098 1417 3984 
8723 3357 5669 6464 3667 294 1073 6600 9221 3878 
2177 6708 8666 2321 8079 9391 9829 6915 2675 5768 
459 5985 1822 6638 1821 2864 9886 7314 5706 8539 
2691 1817 7461 8997 3425 2687 9793 7700 5471 5268 
6982 9374 2805 8501 856 7244 9174 4901 3057 2693 
5372 2163 9397 7743 3742 3771 8740 2108 2611 2548 
488 4818 8076 1733 3529 7438 1816 9886 2647 5307 
1511 8443 566 5294 3346 7395 579 9240 7917 8740 
5359 8428 4950 3828 4363 8663 6431 1068 1168 220 
5516 1591 3154 7804 979 5522 8693 7103 3765 9193 
3201 98 1969 7694 4112 1890 2950 7542 803 4830 
8469 3207 4201 1621 8804 3362 5750 2995 2563 2519 
858 3971 1368 3684 4180 7670 8019 1524 1646 102 
2839 1909 4033 1886 1125 3904 8686 5861 6945 501 
3337 6131 2667 9922 3976 48 1151 772 4495 588 
2492 374 3722 1047 4232 2704 116 2949 4546 9108 
2482 8819 9438 3980 2736 554 9229 8983 7810 5884 
1956 2473 2242 2565 6617 5997 1536 6876 4095 5177 
376 9653 1895 7907 2598 5591 4351 4408 3593 7774 
7419 5896 6516 8261 1839 8757 7448 1580 8032 333 
6407 2620 785 4300 7654 7444 688 6805 5131 14 
2094 8629 5425 171 4130 2179 22 3720 4324 254 
2253 813 9463 3304 3226 3712 6208 1465 2384 3278 
791 6384 6329 4884 5826 6994 253 5855 5696 7037 
9939 9356 4724 588 509 8786 6820 1277 9927 3534 
3571 8045 2581 9102 537 8241 3492 4142 8299 7506 
2305 9557 2262 4878 4647 1764 4590 6210 9565 6776 
2248 6877 830 2946 9447 9628 7047 3909 6325 1547 
1466 4053 7697 5756 6079 8031 3710 4166 6178 500 
1750 9683 2518 1627 410 6292 4307 506 6945 6715 
7359 957 1399 7535 2372 9108 3313 4490 9762 5083 
507 3123 2430 6277 9127 8770 3086 7535 6313 2802 
8784 4655 2556 9912 9934 9068 7465 2123 3471 3100 
3405 1739 4253 5810 8469 1243 3291 4318 4023 1325 
1163 1917 436 1632 5830 420 8171 1579 1726 8675 
1653 9658 5735 5986 1828 3046 8185 7049 4394 425 
7235 7986 6843 5334 1404 3279 277 1258 6480 9798 
8869 5394 2600 9617 9745 9257 8841 5914 7496 1613 
8960 9812 1772 8502 6684 7559 5801 5815 5276 8047 
3667 7510 2089 53 9719 2777 520 909 9620 4625 
4521 3220 3022 7658 435 3457 6974 6439 2802 5873 
7652 942 4002 4907 2980 1361 2679 8887 8589 2354 
6990 2899 963 5181 6985 8939 2377 5697 2146 9078 
789 3884 2459 1471 4014 5428 9874 7074 465 7407 
8746 5393 8779 6280 4908 6285 323 6819 8932 4230 
3899 1441 2424 5277 1754 7328 7801 5197 5813 360 
9081 3758 6821 893 3971 654 4493 8947 3900 1408 
7296 4649 4632 1550 4430 8980 3040 805 4820 1713 
5878 8771 3323 9259 8453 8919 9193 7805 4578 1365 
7845 8738 194 993 2249 7475 7954 558 4992 3103 
1576 5761 4987 1679 8113 9575 2219 565 4782 3691 
1757 3911 5352 2432 806 6631 793 3160 8991 9784 
4288 1957 4175 9144 439 5188 7579 7535 1942 2950 
5634 4659 6981 2268 3618 3033 1006 2207 3175 1675 
5354 3000 2391 5062 6114 8825 942 4555 5708 171 
7304 1929 9122 2411 2863 66 5307 815 350 4944 
5927 1576 4425 548 5796 3132 6479 4272 2058 1405 
7917 8646 524 5150 9483 9551 9386 6305 2387 374 
7240 481 1788 3933 4378 141 2616 4635 8075 2414 
5780 2890 6828 1107 4493 9584 8719 8918 5595 4745 
6940 43 4943 4162 9371 8333 4528 3842 5021 1383 
4445 9897 5509 1925 1605 9274 8872 1781 8967 3383 
8093 5653 1643 5586 8492 955 1319 3510 2525 257 
1729 9295 1019 2980 5114 1079 8752 7397 3291 4366 
859 845 7069 5278 1179 2406 7414 2452 1754 3175 
5330 1488 5258 6268 8927 9975 1694 6984 5505 3189 
1770 617 2676 9319 6592 4286 1640 9661 8839 8965 
1977 9637 3378 2397 4272 8846 991 6481 3083 8996 
5699 6622 3009 1532 5544 60 7352 2316 6906 1506 
2769 9648 9851 9061 9437 1707 113 11 1146 2044 
8640 785 6591 8132 8745 5725 716 4802 6703 483 
6749 9926 9245 867 5658 740 2703 1198 907 4365 
3227 3287 9484 3030 5176 7483 4515 9907 7738 7131 
7084 539 2184 3441 3575 7647 2821 1435 6186 286 
1674 6342 8047 5581 625 2168 9288 8213 1035 3914 
4024 4430 7752 1364 3311 1941 5002 612 6388 2855 
5308 4595 8023 2098 4042 4817 6408 4237 2866 409 
50 1551 8755 1585 2588 9030 5002 2171 5028 8752 
3681 802 3696 9078 8966 7403 861 8574 4359 8776 
562 3280 7304 571 417 5548 392 6690 7303 2218 
1364 4449 2332 5019 7928 9338 7483 9895 2758 35 
4658 6271 1559 9000 121 370 2288 576 38 5286 
1593 2366 8519 7698 6190 2442 3076 2653 2428 2610 
1680 6929 9433 4571 2642 1752 8663 26 5815 8821 
7384 4132 9546 2089 6140 6766 6709 9689 64 9276 
7690 4610 8359 4612 472 8120 3066 1275 2694 7054 
4654 7257 1995 3024 644 1008 1239 222 9270 2442 
7700 1949 352 989 3415 9405 7727 2430 9427 3905 
7098 8338 4722 8191 6856 9865 5379 345 1490 2883 
5553 7033 4886 8138 6671 5127 5503 3206 740 775 
8605 8208 3695 4739 4541 175 639 7113 1645 2684 
4685 6448 2356 6289 9929 7843 9833 7018 6460 1197 
9185 6764 5821 1043 1484 68 5635 4412 1439 9828 
583 1165 6071 1778 4154 5377 5282 6647 5181 459 
6529 8758 3164 3475 6205 9165 7222 2786 8875 3324 
140 5759 797 4395 5550 9415 6121 1752 7552 312 
49 456 9153 9316 9910 4913 2639 8605 2070 107 
8887 7624 9853 242 1512 462 4232 1153 2865 1355 
585 6108 9884 2900 672 941 3616 2647 1014 9200 
9823 1580 5385 4948 6127 2263 615 6027 1450 4659 
8566 2240 8723 5899 4106 5093 647 8379 6191 6722 
3777 4818 7645 1051 5120 5282 78 6309 2312 355 
4457 5721 1349 1404 2897 4082 4598 9981 286 5309 
9915 329 885 2885 1244 2747 5091 8567 4694 9219 
8761 1254 3697 9086 511 1144 1253 8294 7217 4092 
752 2323 5288 1283 2538 3349 496 7851 15 4315 
3273 1310 5043 3428 9312 9389 6423 3039 4684 5990 
2043 1529 5550 3821 7014 1944 1250 7736 720 3877 
1685 7101 5938 1270 128 395 7002 5414 253 5461 
2944 1758 5531 5416 6404 7264 1052 5551 1053 3521 
2544 3813 5352 3822 7097 6534 472 1353 4178 2243 
1929 4999 1067 7357 9989 732 7202 395 2619 7683 
3937 5338 6307 1735 797 4605 4008 8932 5775 8855 
7051 1109 1639 1322 4958 9457 6395 4128 8702 7148 
9688 1682 2025 2887 4349 3336 2908 2715 4223 9750 
6007 2967 4709 2354 8145 7256 6119 3163 2135 9318 
1781 1530 6978 4599 8249 5107 991 1758 2308 1614 
390 2097 1481 8666 6890 2553 1913 8257 1525 8332 
3271 1462 8048 3399 8194 3363 1618 9793 9089 3738 
3801 4801 9830 9492 2990 189 1963 115 9558 605 
4453 4924 5936 5321 3806 344 6674 38 4893 6257 
6084 1632 1446 9666 66 3838 6941 1668 7772 9933 
611 1807 758 8314 371 631 5124 1488 153 1368 
8262 6899 8316 1968 4265 1636 4223 526 261 9638 
7530 3458 3653 252 9157 3029 7657 5699 430 4259 
6 5668 4901 8450 6262 8284 2493 2061 3008 6743 
6266 2244 7920 4271 4603 2638 7721 4975 836 4793 
2512 6675 2049 5194 1948 3052 122 4115 677 1419 
2304 5634 4075 2396 3953 2044 9538 6926 504 1810 
6920 8844 4294 8959 9140 1200 2658 2216 999 6673 
2297 9853 7022 258 9314 484 8277 5244 1372 23 
2195 8931 5898 1212 852 7394 8605 9333 6845 245 
2877 5418 9491 851 1540 2262 5741 3367 9809 1788 
6682 5474 8863 9717 7182 7758 5405 5859 596 9445 
484 6218 6778 2719 1475 1159 1860 870 7472 7127 
4885 6976 5010 2109 8471 4938 8619 9564 276 8534 
2020 7833 6939 7527 274 6760 1296 332 7806 3238 
6452 2912 5581 991 497 5529 8995 9323 8214 2149 
9718 598 4626 7935 9234 324 1202 8978 3924 44 
2332 9956 4947 1569 1824 858 7882 3422 2997 4632 
926 7582 1274 3075 857 5474 8160 1129 9811 6003 
3378 7962 3345 2223 1302 3903 7569 4954 8441 4425 
1928 4014 1939 9149 3940 671 3750 8137 811 7745 
828 6629 4401 2005 2849 9240 8295 859 545 4312 
7737 6246 1472 2441 1375 5604 591 4982 3436 5633 
530 1202 411 1849 627 1419 8512 9263 3008 7729 
8741 597 3130 5023 3731 8841 4081 883 5947 9473 
2701 3659 751 1544 6201 7130 5667 8882 2436 9531 
8245 2918 2936 2812 2172 2289 9723 8623 2338 6208 
2248 1586 183 8452 6980 2303 2406 5161 5759 9361 
5177 937 1175 6011 6524 9846 9155 8212 3097 1324 
1048 1401 6506 9344 6242 1224 8848 5847 5466 5349 
7085 1297 2002 4595 8673 5079 2662 7511 9787 8964 
8261 3430 2368 7715 5723 6466 6888 8308 7046 3747 
9382 9504 1081 3767 720 9426 6150 7519 2621 9692 
6659 9972 283 6298 9631 9049 3814 2613 4728 2417 
452 2990 9852 9260 2742 624 367 6677 3371 543 
8938 4731 5253 8354 1455 5293 7550 5837 719 7419 
8988 5531 9780 1893 1925 2191 3138 9116 5761 8789 
9232 9820 5915 6430 1147 7656 2064 554 634 6558 
1663 4907 6252 4037 284 109 5356 8435 7823 1521 
5893 4053 1223 6201 1105 1536 8930 6413 1183 3608 
742 5875 8199 1831 1845 2161 3415 1304 3885 3993 
2488 4277 9913 674 3820 9179 7361 900 6415 6670 
4824 3112 2732 7956 1443 9073 2882 348 2380 8375 
951 4273 2767 34 5157 3295 847 568 4749 8590 
3357 258 1695 4562 7666 1866 3302 7842 1616 1394 
5291 1737 3235 925 1888 4304 9545 9884 6096 802 
5817 1175 1337 1968 6391 7498 2370 5609 5215 195 
1124 1480 651 5973 9991 394 6929 8954 1475 9588 
9792 5089 1383 6399 199 21 1899 8445 5971 9965 
3233 6394 6945 2658 8064 4960 5009 1798 3607 5663 
6937 7093 6401 409 9248 1650 5081 3017 1104 3328 
5769 1385 6409 3848 7297 9969 9786 1914 9184 2073 
4 7954 2753 8877 395 8823 6439 1683 9800 4832 
1369 4138 6634 996 4030 4921 3172 2343 4472 7463 
3290 9421 433 7610 2064 2365 2670 4492 4698 4565 
2517 2584 5945 847 7382 6560 7730 3177 5189 9688 
5249 4092 9664 5502 7386 8096 5347 9203 5292 4231 
3346 9787 9040 7053 371 7276 5136 8167 3112 8567 
5627 680 265 6486 1403 1243 5816 6010 201 5681 
5391 6691 3627 9905 2938 9719 1966 9322 4041 4846 
3491 797 3917 7067 2541 791 2839 6806 7313 8850 
8498 1815 7427 1123 1442 456 2829 6275 1021 9290 
464 2743 479 7820 8806 9900 966 539 7311 9292 
1685 3616 8963 3885 4371 7407 7677 4418 212 1735 
6360 7606 1911 9354 9116 7031 180 5815 1689 4203 
1935 543 9158 9990 1771 76 9677 2831 8438 2739 
7284 1838 2210 6388 1740 2643 9925 7171 786 5400 
7222 6064 5058 5990 703 5617 6641 7696 204 1287 
5526 3356 6232 1115 26 5022 176 633 8441 7525 
9834 2118 2678 9 4662 6974 1346 1818 3474 6507 
2372 3185 9246 7374 2261 95 960 7769 8406 7156 
5887 4714 9664 427 3087 9963 4801 6367 14 8541 
7843 2873 5611 2734 1216 8833 3209 5533 4435 4516 
7712 6593 4336 3669 8490 8946 2903 9908 7509 6763 
4214 3134 1190 2395 8265 3881 5943 479 9379 7295 
6904 255 9472 8894 2198 2435 311 1492 4374 688 
9914 3914 8537 6861 3803 7496 7808 412 9696 4420 
1143 105 6326 8099 7962 4220 510 1604 8686 5374 
3818 288 5405 6876 2695 2910 3055 2856 4306 8680 
5327 4647 0 3254 8880 533 2060 696 5173 4338 
5898 2048 2458 8032 1165 8204 402 243 1655 490 
2232 1148 634 8756 6904 2434 4661 7842 7613 1128 
1707 303 66 5317 2988 6909 2113 9094 4559 2345 
5384 694 8078 2981 5254 4567 9321 6051 3362 3458 
265 1327 3472 7029 6510 844 669 7313 1360 9440 
1277 2640 713 4429 471 2482 7716 1021 1409 7812 
1974 2434 9417 8568 1646 8535 9304 4759 6603 1755 
5753 440 5453 2205 796 8801 5052 1157 2799 2063 
2093 6291 6483 4865 6453 2157 9073 7803 804 1157 
378 2981 848 7406 2310 4445 1500 7329 1411 210 
7456 3584 9900 701 6877 4047 1333 3268 6799 6274 
8330 4643 8410 2577 1638 8005 979 9985 2460 8641 
4949 9127 4136 9157 8477 5685 2514 7756 6905 3578 
4353 2487 8782 1788 481 3922 269 8904 947 5497 
1979 6460 3596 4887 6233 8079 3889 3284 514 9148 
638 5940 8921 3394 4827 1914 5260 2144 2540 7035 
4907 7098 9644 9711 1647 1359 7297 3368 9146 596 
7007 1578 2222 1196 8347 5567 6500 7114 1881 2954 
3734 102 435 9109 3742 9732 7807 621 6819 6402 
3845 8230 335 7771 3063 6554 9576 5449 9737 768 
3096 9608 5616 1387 4380 9180 9154 8566 3460 5128 
236 5817 6245 9753 4860 6668 4807 6740 7164 2903 
8472 6232 1943 1924 6860 1074 6365 7655 7489 1950 
601 9731 2256 953 4381 5828 9466 8321 6006 406 
4671 7635 603 6171 2285 1452 981 1781 9759 1384 
1256 172 4165 6918 7469 8876 5928 8088 37 6970 
7238 2443 2285 2972 72 2487 9645 1296 2660 2981 
8479 3315 1005 8510 606 9338 6847 535 985 5018 
2317 7931 1649 2102 3073 4664 8942 1718 2303 9955 
6075 6717 5897 6016 9536 8914 7774 7657 3724 742 
6068 2267 1269 8628 8347 8932 1076 1661 791 1553 
473 7117 6747 1774 9704 9391 8531 419 2765 492 
6819 7888 5204 7368 6408 2680 7749 5086 2662 8273 
3200 5373 4255 676 4194 9559 4188 2913 2639 6041 
7436 2740 1874 695 3391 83 4458 3758 8037 1584 
2168 9879 5329 4226 2421 5954 6937 8896 4675 1955 
8117 3448 3393 188 8714 5745 2187 2257 3801 8356 
9132 8106 4265 4311 2732 247 3134 6684 4747 713 
1549 2006 1027 4730 9761 1379 5930 4996 2576 8632 
7657 6336 9768 7897 1124 5679 9571 3166 2541 278 
5769 2172 8653 37 1216 2931 8479 8731 4646 9937 
2614 1261 423 4751 2812 1775 8118 1822 5435 805 
9819 4015 7449 744 2086 6397 6422 8891 2176 3375 
428 3525 6457 5168 5277 9512 9631 7247 9664 2686 
2669 3804 4369 5723 8474 2099 1637 5151 654 9158 
4907 718 7614 1914 4396 6805 88 2090 6348 5127 
1572 3261 6144 367 3833 5448 4580 3523 538 2351 
9192 6063 5258 7843 2293 4386 6440 5544 3975 3634 
1995 4291 8763 329 1841 8416 3963 6318 4867 951 
1168 716 8671 3395 2336 2753 8119 2248 874 1795 
4665 7027 2322 8509 1013 1680 170 9621 9230 3032 
1416 3407 6252 961 1210 1785 9778 3290 3969 2956 
5294 1787 8184 248 9607 1861 4009 5572 5611 9341 
9974 606 4135 4800 7728 3253 1844 538 3285 6525 
8677 1722 2377 8060 1906 1270 9670 2729 6687 8290 
5646 565 788 709 7901 391 206 4896 6815 8349 
8681 6094 3666 4493 764 8410 5379 9229 210 5240 
132 6753 6306 756 4216 294 9691 4620 3059 4591 
3704 4378 1523 4869 4080 482 2328 2251 4932 6249 
5995 785 4716 3007 8004 9015 8828 1518 4186 4477 
9112 3908 6235 4686 574 194 1118 5749 6414 1542 
1803 7062 4420 6209 3073 1760 6740 118 7741 9018 
3468 6117 7442 8927 7181 2350 5013 755 1234 5298 
7122 7214 7628 3029 325 6791 4100 2077 6859 7466 
4958 9873 2294 3619 2119 411 5828 9009 5353 815 
858 4903 9662 5619 1107 1754 5615 285 986 7326 
6115 1839 7810 293 5382 1922 931 2261 1960 3189 
1390 4837 5990 275 2429 6002 4251 2834 3203 1791 
9817 12 8194 6849 1523 6148 5887 2894 1808 7514 
2658 119 234 7978 2225 1214 2545 9975 4261 6847 
3394 8474 8727 2954 720 4546 1606 9737 2426 5773 
6502 5455 3339 1809 9470 3880 6758 7253 1970 3373 
9158 3098 9327 3266 2817 4237 1463 2115 8127 4935 
785 9025 1805 7616 6294 8784 6434 9018 7961 1372 
3479 738 9378 1695 9674 7605 3144 4989 2763 3227 
5729 6100 8839 1699 7964 2972 13 353 8976 8070 
3388 7386 8011 6592 3055 6752 8347 3938 964 5619 
5600 2954 114 5695 5077 671 8649 1634 4710 8481 
1099 4815 7591 1387 5339 5281 2576 8180 7668 8044 
8862 3265 8432 5212 8353 5604 9935 1234 2549 196 
5455 7406 2897 5846 5787 583 259 6127 640 963 
98 8161 3021 1975 8636 9720 3692 4169 8672 1614 
259 9946 2046 9294 3906 4661 9555 374 6631 2863 
629 8453 1592 9211 6966 6905 9822 4561 1174 4740 
1039 1019 5040 4383 1180 8353 5062 690 2243 1523 
2199 4263 252 6206 2867 5155 3769 343 4275 9008 
9792 5421 492 2534 4378 4225 3652 4012 4001 470 
1954 594 2371 7301 2942 233 687 5101 5423 6835 
5411 7804 3378 6433 8750 657 2490 4489 2525 8641 
494 629 2989 9140 6868 912 9357 4004 7542 6071 
4273 369 6324 6887 3885 8136 7009 8117 3581 1531 
6155 9795 9867 7365 9455 8391 9306 6348 2726 1108 
2461 7064 1110 5392 3964 702 9608 1168 5385 7406 
4724 5778 1805 5531 8656 9752 6432 4686 6416 8696 
8830 4461 3286 1385 6652 1864 5356 9727 6879 10 
2214 5171 231 5957 6048 1704 2912 8770 3679 6586 
4629 8886 2787 4084 872 1972 2912 4430 1413 9241 
1840 8127 2327 4397 729 8063 9059 3025 3040 5523 
1647 8653 5771 2538 4743 1258 6736 1766 8662 5691 
4702 2323 9802 2967 5292 2967 6498 3868 940 9106 
771 3097 7170 1886 1368 8293 278 925 6455 6466 
3202 1886 7954 4673 2272 8179 8215 3449 577 8801 
8032 1321 7885 5418 6926 5301 4538 8192 5109 134 
6942 3833 6999 6975 3319 943 1235 7850 554 4006 
1520 9576 2508 4240 1540 7981 1246 1 6174 4134 
3710 1523 3709 3676 8025 5842 2572 6076 7091 3782 
55 3376 236 6076 1425 3366 7179 57 8608 8452 
829 7687 243 8106 1894 5209 605 9403 4572 2261 
224 515 9303 734 6366 2746 6101 2678 9385 6608 
8253 2024 8856 3707 795 7940 398 362 9904 2245 
4329 4701 2726 2518 6395 6173 1029 2266 276 7279 
2015 7677 6988 4337 8204 4435 5312 3271 9914 7948 
7789 5517 9298 1753 4247 9395 5414 8936 3577 7179 
5859 1549 1701 412 5755 6460 7057 2429 8323 2849 
5375 866 166 2551 9159 8467 1057 2708 2312 8144 
2385 2781 1522 9783 3004 2830 367 3454 6007 450 
9459 4807 908 8565 8191 8617 9015 2111 5385 6655 
918 947 2119 1406 1794 6123 5508 5841 4480 8366 
532 2237 1557 1247 7632 3690 6414 7847 1048 5349 
5137 9574 8793 8131 5185 6615 955 8795 9489 3948 
2317 8698 7466 1576 9187 3821 3727 2270 7059 2229 
6589 3539 1123 5170 6120 6525 3711 2652 9779 1475 
4282 992 2195 4210 1170 6569 2028 8343 4080 9643 
6515 2147 2102 8474 5347 5244 6654 546 3444 2279 
9205 8999 1475 5854 1106 7481 8823 1965 662 2147 
2086 1120 7759 8281 2747 3497 9492 671 1809 6358 
5817 6307 79 470 2300 4261 685 4543 7054 7701 
3544 6549 6824 348 4733 3958 9962 1688 8597 8326 
2702 4957 2120 5209 6091 1557 892 5682 4438 1053 
5342 8113 1343 8679 9761 1139 1015 7171 1102 9265 
7084 2324 6213 1177 6402 3311 3454 289 4094 3997 
8430 2709 7355 522 9110 1485 8060 4382 2437 890 
7239 8398 470 8266 8296 7570 7490 2729 2429 8382 
5723 1284 3135 4496 4287 1374 4968 7753 3470 2782 
6842 8121 1961 3450 7163 55 1016 425 7666 9530 
1719 2183 725 1752 3778 788 8475 5772 3083 3981 
5737 200 6882 7972 8525 2451 195 2522 7334 9134 
6587 5919 5704 5929 7949 9703 3507 365 2837 3527 
4781 6225 4783 4497 7218 2995 7820 678 7843 5292 
7006 8280 1742 6705 3942 7719 737 875 4247 9115 
7151 2985 1637 5211 636 6802 4742 9081 8316 9392 
5540 1608 7263 2908 6206 175 641 4073 6652 1193 
4822 7353 1017 6417 3499 5867 9475 2708 4181 4728 
1873 1343 323 3201 666 1662 5760 1037 4101 2787 
6828 6844 8830 2686 1603 4470 6743 1735 8230 8060 
5833 6614 1995 6860 3059 3825 2899 2962 3083 615 
5726 7125 859 5753 9889 3740 9982 65 4888 3681 
4615 485 2061 6325 3912 9625 6753 545 3974 5271 
9473 9803 2422 9479 1642 701 3423 3342 5149 1625 
4814 5671 6403 3161 4110 1818 2841 1397 9101 9001 
3234 699 9989 952 5879 5976 7968 8018 8591 1690 
6129 5348 2694 8041 3924 1646 7440 4981 1994 9685 
469 2798 4509 3127 4172 4383 9650 3659 6077 5797 
4571 5308 8468 8331 4577 7608 7919 7830 2442 4486 
4393 3206 3791 8404 2299 8817 7638 7704 5520 2250 
6541 502 5155 8547 2452 3733 3923 4317 620 34 
5976 4929 8916 4088 5187 5440 2328 4041 8370 5694 
7519 2198 9425 4077 2663 5519 4941 3770 4070 6028 
1712 1511 9950 2560 1579 2710 5961 4789 7472 2937 
5288 1582 7760 6849 6155 9759 2155 3934 2306 5718 
3493 4500 2117 9824 4820 2506 804 2417 6114 7374 
7995 6018 7714 9279 2993 26 7131 8553 8325 1856 
3563 6672 7033 4639 4431 2445 6285 6701 7826 6638 
8695 8276 2862 9251 1130 7049 6935 5908 4157 7757 
4624 2463 2921 863 5971 7455 3270 7 8036 5579 
1567 1519 636 3925 1592 1890 5069 2674 3567 1381 
7585 5591 3563 1995 3832 3310 9246 120 3524 3680 
1018 3777 9822 3645 8335 6483 333 5453 1789 3191 
8306 2716 9217 1385 4057 2320 7061 8956 9298 2386 
1000 229 3741 2051 8571 6266 7067 4579 8831 8010 
2037 8903 7569 3950 6074 2186 5218 876 6047 9136 
3622 8730 5260 665 3539 7323 3355 398 4943 568 
7285 967 7555 6230 2772 6489 3259 8944 6542 4853 
2048 9008 2379 1109 9582 2563 2119 3888 8824 4775 
6346 818 2785 2124 9531 5725 1064 4516 7755 1445 
6334 4397 5278 6167 3705 8919 6375 5825 2293 4233 
6780 462 1504 4136 325 7341 710 2371 1710 153 
4846 2700 3097 4794 4587 9046 2292 5320 8768 881 
3406 729 1920 9986 67 272 4189 5034 4882 8961 
2688 6508 1141 6104 9601 3734 9640 2794 9732 5239 
1911 743 1539 7428 626 9043 4989 2572 8036 1414 
3420 8123 624 1672 5802 1521 6226 2229 6955 6161 
8318 5718 6582 4786 2475 9303 9181 869 2717 7411 
539 439 3098 9962 2074 8293 4658 6286 5068 4893 
1791 1569 2232 6202 2182 5206 4433 6126 7167 5518 
1451 6613 6400 3429 1230 2722 8001 420 121 7930 
7178 7585 9384 1886 6191 470 9414 119 8905 169 
1023 6664 4670 1709 9452 4400 2252 5948 3857 7270 
6848 9220 1393 4494 3010 3109 9010 1382 2716 2649 
5507 30 2039 1687 396 3663 2656 531 5260 4288 
181 1847 1407 9357 2796 2294 5293 1964 7463 7731 
769 1357 7010 5248 3706 6166 4489 4991 179 2001 
9403 2014 2687 6078 6014 6247 4538 1731 2802 1238 
7288 4909 3292 630 9895 2910 3900 4914 1477 4694 
8608 3602 1451 9437 8231 1111 6813 4545 5809 8522 
1824 9396 2445 138 7750 1530 1975 831 1710 6696 
1951 988 4672 2645 4440 571 2510 6375 729 1226 
8459 2176 6172 8590 2836 4430 6109 4389 3406 5276 
4401 6835 1679 9614 5718 1477 5518 4575 2492 397 
346 9328 1502 6541 8093 1947 2284 4941 8697 6206 
2105 1248 2666 9495 4805 5877 4211 2199 5081 1022 
9386 3323 7391 570 9834 2285 226 554 9556 9954 
2588 7414 5058 5045 3400 252 1433 9998 4119 695 
4720 6267 4631 6775 7559 2754 6085 8923 7217 7713 
127 4254 4916 9145 535 1293 4260 2740 6466 5785 
4924 667 395 8034 46 3903 2901 4548 1141 529 
5227 9533 1966 2296 3751 6254 2570 4616 1283 9339 
8617 6115 1249 2924 6138 4221 345 2545 2522 5421 
3769 4593 8190 741 7561 4862 161 6130 8571 1920 
5812 8303 9523 6840 6940 2970 9925 2672 5868 3234 
1363 6249 289 7190 2814 4238 3454 6588 3672 1553 
2831 2178 2016 5530 1890 2458 8834 8010 1550 8302 
9521 8754 2130 6334 614 4452 4032 6076 9687 7382 
7124 550 5923 2463 2001 8127 1443 2701 3243 7012 
8117 3057 226 9500 4398 2745 64 185 6955 5748 
2067 5459 2645 3207 8930 1430 1805 8950 2750 6806 
118 1799 1981 6767 9784 3 5872 5229 9832 1182 
619 2808 2680 2714 5922 6813 1887 453 5490 2725 
6062 1088 862 6224 6442 4564 370 1422 559 3362 
9430 524 4378 2940 3115 5876 1928 4581 9141 3264 
3985 7089 4964 2322 6057 2633 2430 2656 4295 5706 
9682 3726 9984 732 498 7686 4426 2178 8292 9634 
1270 4408 3818 7239 6167 652 3643 2889 5505 2178 
8636 581 457 1719 4394 2153 1105 2432 5676 209 
9215 1147 8418 2332 6716 8888 3131 514 6186 1001 
1559 5943 789 3547 8018 6067 4205 381 6478 8319 
8885 4169 4601 8467 9110 6441 237 2691 7611 2650 
3941 5587 7551 9495 3451 3183 1181 5153 6032 1082 
9095 6051 7783 1251 7368 8691 3723 9062 1580 7641 
4977 1989 9071 9440 4106 2848 353 2688 3614 9822 
5053 8571 3388 4016 752 9058 5274 5765 3523 6640 
1594 4872 6598 706 539 1956 6183 1435 6039 2919 
3633 776 6764 9223 2760 558 7631 4295 5141 7494 
6090 5982 2603 3633 7008 896 6345 6513 8641 3998 
2522 6907 95 7539 5454 5654 2144 1006 2107 888 
6898 1740 4544 3732 963 6365 1873 9311 2482 781 
3269 722 6261 1868 8068 1551 1203 9033 9636 307 
1517 6653 3885 8729 4167 9379 200 9939 4710 2376 
9705 7075 6116 8740 6276 3285 9909 3550 1435 9461 
1089 2160 9549 601 5930 1966 4475 6960 9204 340 
2004 5546 8898 5227 5778 1330 8795 8093 8687 5439 
8027 5533 4938 9238 1392 66 1335 4572 2962 9171 
1692 8459 6526 3983 4866 2662 1169 9023 1783 3708 
4885 6909 2617 1870 6221 5009 527 3152 4085 3260 
4838 4101 8916 6499 6229 1363 7255 9276 3835 4506 
5463 2643 2585 2970 1458 8151 3420 8031 9550 6803 
1347 7627 7247 995 9475 4523 1485 2309 158 1849 
793 4633 359 6236 170 9555 3398 8361 1640 6270 
140 6657 1482 7176 5452 1640 3672 3969 4424 669 
1851 102 4216 993 4874 1207 5598 1576 7606 1700 
853 1527 9265 6600 267 2219 8851 3 1487 4350 
2079 6654 2690 9130 3832 1465 4089 6801 8837 914 
1461 134 356 4736 1132 2540 1474 9087 81 9466 
53 4303 8493 5508 4963 5432 2889 5261 5226 4175 
1408 965 1220 7908 4470 2866 2353 3533 927 2760 
2211 341 4839 3289 1612 308 7001 2975 4168 815 
5332 9166 4746 6738 352 9090 5708 3096 7099 4169 
1064 2185 4826 2463 4067 2153 7307 2697 97 6890 
9151 280 9704 1009 1996 885 8142 1920 9185 9461 
1371 7219 1534 2775 1866 6647 1697 1259 9967 5144 
5079 3346 5168 6882 2037 8908 9037 8917 2512 2462 
1614 542 2280 2103 9579 9086 5390 5449 1200 8460 
917 8371 7678 6529 2189 5229 3099 8225 3662 219 
5798 5593 2325 1736 6780 3193 268 5751 1370 5135 
8534 2660 7429 8347 7356 1888 9688 5377 8024 3400 
3549 2602 8948 9766 4508 1618 9632 8764 3336 8398 
9838 6149 9145 2042 4876 4939 6648 1544 3675 426 
1431 9618 3306 8326 2331 1357 51 808 1297 5334 
8974 5695 2214 2520 364 1217 3931 2765 8453 3979 
4503 3408 3508 2916 8304 7791 2084 7564 9783 618 
1632 2346 7466 4111 3603 91 2614 9947 203 3718 
2502 1811 5102 4417 1900 2937 245 1216 370 4891 
2081 4305 1729 7760 2123 6367 6691 8016 1082 873 
7170 121 2154 7376 74 6711 9510 4188 7778 2747 
2871 1926 2042 2307 2105 1718 7108 4073 593 2998 
604 7557 1728 8773 4414 1449 7294 8797 5609 5299 
7841 673 8532 1844 177 7828 4978 1211 6127 9679 
1587 9415 4514 8719 1012 4490 701 9819 1073 9936 
2050 719 6530 496 7446 3712 7928 1026 3089 1719 
5947 4101 8880 8363 7857 2011 5866 7996 3015 518 
162 8459 6548 629 1282 6596 2864 7904 445 9300 
3008 5555 3239 516 695 8085 4300 3820 1906 1301 
7744 5861 6481 9052 5734 941 2340 6167 779 3094 
146 7711 573 2492 6665 5330 9021 1747 8933 6736 
5911 811 3624 6987 4187 505 2471 6572 3434 6622 
4726 3636 1946 5634 1105 9424 4306 5475 6212 6407 
643 8613 215 4977 688 2105 9152 9010 2207 2339 
5672 5343 508 3366 2370 1311 1846 9724 9115 9617 
9302 2479 7967 2124 2260 2960 3305 1895 2754 7391 
6905 2029 3638 958 1126 208 555 457 8253 5420 
3309 2989 1890 9961 8199 6045 2961 1102 98 4718 
5766 1046 1373 7349 242 7411 5995 682 9978 7786 
5309 2187 6122 7178 4876 227 6962 3172 7361 3538 
4184 6571 3425 294 4283 6993 721 7994 9558 1015 
2519 2954 7155 9333 724 1726 8904 8402 6334 858 
4847 291 9514 5428 4302 8728 3631 9554 8629 2746 
540 7409 8666 1027 6114 67 6367 4723 5890 6725 
6112 8438 2375 3880 3133 2056 3444 2764 7273 5025 
1680 7526 2286 8312 3455 3804 7856 4577 1633 4698 
450 6276 8369 6489 2154 82 6331 6277 7840 8839 
4832 2579 9788 1778 1569 3394 4198 2501 1701 2153 
173 999 1837 1172 3493 4323 5768 1310 4698 6412 
9251 1693 807 7452 4140 5270 1075 7114 4255 3166 
2459 5200 6455 5970 9249 6002 4459 9372 439 5826 
972 9947 6698 8302 9067 1501 3079 9274 8397 303 
9772 6944 2071 7497 8732 7372 9988 6602 1656 5462 
1464 8662 7396 6014 5739 5668 1896 8802 5099 3377 
4301 9068 4516 735 6381 2696 7027 1902 8011 453 
9363 443 2935 9907 9846 1041 8373 7307 5823 7877 
7799 5023 9231 7143 9413 1951 979 3281 9398 4423 
1705 1716 8875 9434 8903 5768 8551 2679 1836 506 
4843 8091 4466 2518 9373 4530 9256 479 9003 400 
4873 7610 435 9480 2987 7734 388 4503 5486 7718 
6629 8138 6656 8855 6845 1536 6776 8067 215 8828 
6539 1898 782 1526 2820 1851 4710 6597 3910 410 
9480 9970 6437 7153 9239 2482 626 7712 4560 6388 
4171 9013 2732 3474 4790 9529 1541 1867 1327 1778 
3711 7215 2816 9878 2624 271 4081 2131 3310 5676 
7109 1884 9314 8444 7597 7923 2616 2524 1440 4632 
9577 6674 6968 4507 2822 7752 5108 6632 3122 7087 
762 1120 6283 2171 3100 4692 577 8478 3984 5409 
6570 1306 3554 7934 368 8423 5979 4170 7714 833 
1647 6967 9913 4599 9882 9902 6280 6547 6305 566 
2393 5734 7660 378 2210 7348 5690 3040 6146 469 
8809 5506 6325 7870 3168 8039 6863 2676 8051 8508 
3178 9660 5454 2407 5161 1277 6701 965 8459 6462 
1237 5423 5280 3752 6848 7727 4509 6359 4111 6368 
7015 6917 2613 139 4210 9716 7274 3660 899 322 
5297 3616 6393 5040 172 7857 2802 5230 52 6301 
6213 650 2456 4504 7297 7258 1993 5882 7697 2136 
520 9804 3220 4192 1065 4326 2302 4980 4120 2709 
9700 6182 5275 7774 6245 1273 5571 9435 2667 5150 
345 5637 5136 4998 9441 4799 1845 8714 4548 389 
9499 3108 2299 7691 4391 542 2082 1448 9709 5590 
1650 6783 76 1417 8857 9327 7593 6446 3876 2474 
2474 1606 8535 477 9558 9178 5834 807 7443 6282 
9273 5161 7435 4254 990 3591 8040 8859 9655 2188 
1510 1729 7501 2222 2256 2898 7458 9455 6797 6902 
8714 8763 9530 9809 1651 3450 5309 9415 4971 711 
7729 7238 4236 6938 6706 8814 5066 278 9563 9437 
3852 2829 8762 4608 7943 1820 3290 3836 274 461 
1719 10 638 6534 1791 5139 35 18 9724 1901 
7117 9147 8696 9030 822 2530 5073 1052 9928 6978 
3945 9978 2523 778 9545 1988 7233 7582 5349 3145 
8109 9193 8959 9696 2661 1532 4039 7620 1809 5713 
6106 4911 2226 2727 1458 3742 8194 1580 7972 726 
7902 2129 4059 2825 6829 5218 680 1596 8263 5200 
1251 8853 6779 855 3852 2609 6429 4894 1704 9152 
8407 1662 9265 2213 1657 4519 2247 872 8825 7625 
7875 9677 1013 624 7895 2202 1238 3692 2200 477 
3618 5113 6174 3626 5415 722 473 9192 8809 5265 
8102 4570 1805 4590 9980 5835 6459 6800 2416 1789 
4028 441 5988 2474 2680 2096 267 8027 5239 9343 
8399 3937 8341 4206 2114 3068 6456 5197 1633 908 
832 7739 606 7822 5589 1291 6062 4358 135 1066 
1199 5270 7370 1995 2254 4714 1547 9867 4936 6570 
2687 8144 5072 8304 3343 8584 16 4660 5652 2452 
9939 5777 7696 6627 2772 261 64 1390 1295 4623 
7595 2497 7423 7499 1255 496 5356 5778 420 941 
6955 1504 2457 3373 3991 3693 7523 5267 2119 522 
9301 1792 144 4546 7053 2691 4977 6178 2671 2877 
5435 4493 7906 3784 2269 2065 8638 8044 5476 8839 
740 2602 4791 2205 3967 2200 1192 5718 3944 1555 
4074 184 4243 5351 5096 4517 3484 3141 2721 8973 
5866 1042 2505 2856 8123 5771 3097 7200 5778 6807 
8770 9797 7466 3048 6504 8867 5477 3569 5919 6543 
7068 8431 1124 7815 6162 8095 2553 8485 2970 9934 
2150 3926 9888 9540 8029 9626 1173 6815 8561 3010 
6721 4552 8423 3872 8658 6933 8036 7382 7496 312 
1683 3826 9344 7796 9163 519 2991 7826 71 3034 
3950 5946 6238 4780 6578 2090 738 5737 2440 8956 
729 2542 1583 1879 831 9014 4836 885 4919 8285 
4906 2569 7967 1780 9089 1830 903 8987 1506 5176 
